==============================
TABELA 1: RESULTADOS (MELHOR E MÉDIA)
------------------------------
Instância  Best    Guloso(Melhor)  Guloso(Média)  Rand(0.200000)MelhorRand(0.200000)MédiaRand(0.300000)MelhorRand(0.300000)MédiaRand(0.400000)MelhorRand(0.400000)MédiaReativo(Melhor) Reativo(Média) 
--------------------------------------------------------------------------------------------------------------
25v_0.16    100.000010.0000         10.0000         8.0000            9.1000            8.0000            9.0000            8.0000            8.8000            8.0000          8.7000          
25v_0.16    36.0000 10.0000         10.0000         8.0000            8.8000            9.0000            9.0000            8.0000            8.7000            8.0000          8.6000          
25v_0.21    30.0000 9.0000          9.0000          9.0000            9.2000            9.0000            9.3000            9.0000            9.2000            8.0000          8.9000          
25v_0.21    44.0000 10.0000         10.0000         9.0000            9.3000            9.0000            9.4000            9.0000            9.4000            8.0000          8.9000          
25v_0.26    33.0000 10.0000         10.0000         9.0000            9.8000            9.0000            9.7000            9.0000            9.8000            9.0000          9.0000          
25v_0.26    34.0000 10.0000         10.0000         9.0000            9.7000            9.0000            9.6000            9.0000            9.5000            9.0000          9.0000          
40v_0.10    48.0000 14.0000         14.0000         13.0000           13.8000           13.0000           13.9000           13.0000           13.6000           13.0000         13.0000         
40v_0.10    44.0000 14.0000         14.0000         13.0000           14.1000           14.0000           14.3000           13.0000           13.9000           13.0000         13.2000         
40v_0.15    35.0000 15.0000         15.0000         16.0000           16.2000           15.0000           16.0000           15.0000           16.1000           14.0000         15.5000         
40v_0.15    36.0000 16.0000         16.0000         15.0000           15.5000           15.0000           15.5000           15.0000           15.7000           14.0000         14.9000         
40v_0.20    38.0000 16.0000         16.0000         16.0000           16.8000           16.0000           16.7000           16.0000           16.7000           16.0000         16.0000         
40v_0.20    32.0000 15.0000         15.0000         16.0000           16.3000           16.0000           16.3000           16.0000           16.4000           15.0000         15.9000         
60v_0.07    38.0000 21.0000         21.0000         22.0000           22.7000           22.0000           22.9000           21.0000           22.4000           21.0000         21.9000         
60v_0.07    32.0000 22.0000         22.0000         21.0000           22.0000           21.0000           21.8000           21.0000           21.5000           20.0000         21.0000         
60v_0.12    36.0000 23.0000         23.0000         24.0000           24.9000           23.0000           24.4000           23.0000           24.5000           23.0000         23.9000         
60v_0.12    31.0000 25.0000         25.0000         23.0000           24.0000           24.0000           24.6000           23.0000           24.2000           23.0000         23.7000         
60v_0.17    61.0000 25.0000         25.0000         25.0000           26.0000           25.0000           25.7000           25.0000           25.8000           25.0000         25.0000         
60v_0.17    30.0000 24.0000         24.0000         25.0000           25.7000           25.0000           25.6000           24.0000           25.1000           24.0000         24.6000         

==============================
TABELA 2: DESVIO PERCENTUAL EM RELAÇÃO AO BEST
------------------------------
Instância  Guloso          Rand(0.200000)    Rand(0.300000)    Rand(0.400000)    Reativo         
----------------------------------------------------------------------
25v_0.16    -0.9000         -0.9090           -0.9100           -0.9120           -0.9130         
25v_0.16    -0.7222         -0.7556           -0.7500           -0.7583           -0.7611         
25v_0.21    -0.7000         -0.6933           -0.6900           -0.6933           -0.7033         
25v_0.21    -0.7727         -0.7886           -0.7864           -0.7864           -0.7977         
25v_0.26    -0.6970         -0.7030           -0.7061           -0.7030           -0.7273         
25v_0.26    -0.7059         -0.7147           -0.7176           -0.7206           -0.7353         
40v_0.10    -0.7083         -0.7125           -0.7104           -0.7167           -0.7292         
40v_0.10    -0.6818         -0.6795           -0.6750           -0.6841           -0.7000         
40v_0.15    -0.5714         -0.5371           -0.5429           -0.5400           -0.5571         
40v_0.15    -0.5556         -0.5694           -0.5694           -0.5639           -0.5861         
40v_0.20    -0.5789         -0.5579           -0.5605           -0.5605           -0.5789         
40v_0.20    -0.5312         -0.4906           -0.4906           -0.4875           -0.5031         
60v_0.07    -0.4474         -0.4026           -0.3974           -0.4105           -0.4237         
60v_0.07    -0.3125         -0.3125           -0.3187           -0.3281           -0.3438         
60v_0.12    -0.3611         -0.3083           -0.3222           -0.3194           -0.3361         
60v_0.12    -0.1935         -0.2258           -0.2065           -0.2194           -0.2355         
60v_0.17    -0.5902         -0.5738           -0.5787           -0.5770           -0.5902         
60v_0.17    -0.2000         -0.1433           -0.1467           -0.1633           -0.1800         

==============================
TABELA 3: TEMPOS MÉDIOS DE PROCESSAMENTO (SEGUNDOS)
------------------------------
Instância  Guloso          Rand(0.200000)    Rand(0.300000)    Rand(0.400000)    Reativo         
----------------------------------------------------------------------
25v_0.16    0.0000          0.0013            0.0014            0.0013            0.0100          
25v_0.16    0.0000          0.0007            0.0006            0.0006            0.0100          
25v_0.21    0.0000          0.0011            0.0011            0.0010            0.0106          
25v_0.21    0.0000          0.0011            0.0011            0.0011            0.0118          
25v_0.26    0.0000          0.0014            0.0014            0.0014            0.0169          
25v_0.26    0.0000          0.0015            0.0016            0.0015            0.0146          
40v_0.10    0.0000          0.0019            0.0018            0.0029            0.0187          
40v_0.10    0.0000          0.0018            0.0021            0.0019            0.0199          
40v_0.15    0.0002          0.0052            0.0039            0.0039            0.0400          
40v_0.15    0.0001          0.0042            0.0037            0.0038            0.0420          
40v_0.20    0.0002          0.0063            0.0063            0.0062            0.0665          
40v_0.20    0.0002          0.0065            0.0082            0.0070            0.0634          
60v_0.07    0.0001          0.0051            0.0049            0.0043            0.0458          
60v_0.07    0.0001          0.0047            0.0046            0.0044            0.0475          
60v_0.12    0.0003          0.0166            0.0166            0.0159            0.1437          
60v_0.12    0.0003          0.0168            0.0159            0.0128            0.1389          
60v_0.17    0.0006          0.0276            0.0301            0.0265            0.2950          
60v_0.17    0.0006          0.0264            0.0270            0.0291            0.2841          
